  1.0000000e+000  2.6658224e+000  1.6106496e+000  4.3578993e+000  6.3080873e-001  4.2869449e+000  1.7338922e+000  3.2791316e+000  2.4735708e+000  3.3286733e+000  3.8893194e+000
  2.0000000e+000  4.4637307e+000  2.2325078e+000  2.3134103e-001  2.6829664e+000  2.3305894e+000  4.1094090e+000  4.6763127e+000  2.0239299e+000  1.4268357e+000  2.3278588e+000
  1.0000000e+000  4.0268186e+000  2.9819305e+000  2.8281057e+000  4.1281354e+000  3.1278280e+000  2.7906826e+000  2.5999035e+000  3.6612916e+000  2.9112465e+000  3.5323919e+000
  2.0000000e+000  2.7039441e+000  3.8935182e+000  2.2673986e+000  2.6553628e+000  1.7258048e+000  3.8846133e+000  3.0573277e+000  1.7664343e+000  2.7251641e+000  2.4769242e+000
  2.0000000e+000  3.4149746e+000  1.6399358e+000  3.7257567e+000  3.0864261e+000  3.9560661e+000  3.6267916e+000  3.5556388e+000  3.2817197e+000  2.6857331e+000  3.8816111e+000
  2.0000000e+000  3.4030907e+000  3.9283296e+000  4.5211970e+000  4.6053051e+000  1.7530062e+000  2.1852238e+000  3.4278568e+000  3.1331326e+000  1.6687713e+000  4.2534330e+000
  1.0000000e+000  2.5117151e+000  4.1120373e+000  2.6313191e+000  1.9662852e+000  3.5036047e+000  3.0284857e+000  2.4015110e+000  3.0656175e+000  4.2118839e+000  3.5602715e+000
  1.0000000e+000  2.0686988e+000  3.5860428e+000  2.4365228e+000  2.6905847e+000  3.3390957e+000  3.4224262e+000  3.2245848e+000 -5.1636949e-001  3.6383900e+000  3.7740616e+000
  2.0000000e+000  3.2415555e+000  2.0554169e+000  2.3315005e+000  4.2483870e+000  3.3809871e+000  3.4523129e+000  2.9348489e+000  3.7353712e+000  4.2818190e+000  2.9333296e+000
  2.0000000e+000  2.2331842e+000  2.5055883e+000  6.9123408e+000  3.4571119e+000  2.4290959e+000  3.8931693e+000  3.3490513e+000  3.4916525e+000  2.5350429e+000  2.6984719e+000
  2.0000000e+000  3.8877779e+000  2.8959196e+000  3.1537930e+000  4.0803497e+000  2.5630531e+000  2.5779726e+000  4.1676460e+000  3.5339059e+000  3.0463186e+000  1.8751546e+000
  2.0000000e+000  1.2678884e+000  3.5404521e+000  1.9894210e+000  3.9640673e+000  1.8873569e+000  9.5548433e-001  4.2507974e-001  5.0637565e+000  4.9383012e+000  3.7566724e+000
  2.0000000e+000  2.7524584e+000  1.9504288e+000  2.8168464e+000  2.8890702e+000  4.3820592e+000  8.6310543e-001  1.8517656e+000  2.7031809e+000  1.8638650e+000  7.4506866e-001
  2.0000000e+000  2.8396516e+000  4.3057391e+000  3.2306383e+000  2.7297452e+000  4.4932627e+000  3.9693743e+000  3.5764138e+000  2.2645046e+000  3.3596580e+000  2.6163914e+000
  2.0000000e+000  1.9642286e+000  3.5681978e+000  4.7315812e+000  2.5687201e+000  1.6044381e+000  4.0318787e+000  3.3952336e+000  2.7246609e+000  2.5944017e+000  4.1309092e+000
  1.0000000e+000  4.4103329e+000  2.4073704e+000  1.7972345e+000  4.0475266e+000  3.5154864e+000  4.0716178e+000  3.6923232e+000  2.8036125e+000  4.7191281e+000  3.2423819e+000
  2.0000000e+000  2.6595530e+000  1.6455516e+000  3.7525702e+000  5.4923666e+000  3.1233946e+000  2.7500976e+000  2.8883230e+000  2.8596376e+000  5.1225627e+000  2.4880041e+000
  1.0000000e+000  2.4639545e+000  4.0744870e+000  1.7436272e+000  3.1605110e+000  2.7010557e+000  2.2175727e+000  2.0944959e+000  1.8175233e+000  1.9273356e+000  3.0484814e+000
  2.0000000e+000  3.3473561e+000  3.8587639e+000  3.2553402e+000  4.7966927e+000  2.4429723e+000  3.1822485e+000  3.8999224e+000  4.5156895e+000  3.2686079e+000  2.1402719e+000
  1.0000000e+000  2.3845547e+000  3.3336344e+000  4.2149566e+000  1.7959490e+000  4.2171171e+000  2.5915686e+000  2.8012409e+000  3.5311669e+000  2.8763691e+000  3.5591363e+000
  2.0000000e+000  1.1542875e+000  3.1279194e+000  3.9880231e+000  1.1818906e+000  3.6799550e+000  1.6779772e+000  4.8811543e+000  3.3399623e+000  2.8955850e+000  1.8461043e+000
  2.0000000e+000  3.0172627e+000  4.1296725e+000  5.1530022e+000  4.2151410e+000  1.9820342e+000  5.7988659e-001  1.9224081e+000  2.4235158e+000  3.3845352e+000  2.3823482e+000
  1.0000000e+000  3.0954802e+000  3.4056622e+000  2.7217674e+000  2.1906577e+000  2.2877542e+000  5.3136660e+000  2.2978944e+000  3.7161137e+000  3.7118089e+000  3.1684057e+000
  2.0000000e+000  3.0586404e+000  2.0719171e+000  1.9858731e+000  4.0584671e+000  2.0465432e+000  3.5271786e+000  3.7080420e+000  2.7399252e+000  2.2010702e+000  1.9137881e+000
  2.0000000e+000  3.2247968e+000  3.4191011e+000  3.2477840e+000  2.6535180e+000  3.8547747e+000  2.9489581e+000  3.5892794e+000  2.0341970e+000  3.1739318e+000  4.2724980e+000
  1.0000000e+000  2.2308729e+000  4.1506100e+000  2.2998746e+000  2.1362028e+000  3.6752583e+000  4.0941575e+000  2.5390294e+000  4.0791547e+000  3.4366584e+000  3.1603344e+000
  2.0000000e+000  3.9852037e+000  2.9008936e+000  4.2612607e+000  3.8811953e+000  2.9011888e+000  2.6156674e+000  1.7856397e+000  2.3012564e+000  3.4180307e+000  1.7662676e+000
  2.0000000e+000  4.1444567e+000  3.6522810e+000  3.3638663e+000  4.8487607e+000  2.9085638e+000  2.8463762e+000  3.5367524e+000  3.2932616e+000  4.7014323e+000  4.7578128e+000
  1.0000000e+000  4.1974268e+000  2.2267890e+000  2.6784806e+000  1.4751433e+000  4.1429976e+000  4.6908340e+000  3.3994498e+000  2.3346631e+000  1.3678515e+000  3.4024712e+000
  1.0000000e+000  3.5069503e+000  2.0450532e+000  4.4043994e+000  3.9588510e+000  3.8536305e+000  2.1639431e+000  2.6462867e+000  2.8256276e+000  3.2124733e+000  3.9129915e+000
  2.0000000e+000  2.3685194e+000  4.3351513e+000  3.3981264e+000  4.3487111e+000  1.8545343e+000  3.9103517e+000  1.4352073e+000  2.2348264e+000  3.3222146e+000  3.5801797e+000
  2.0000000e+000  2.0456872e+000  2.3946669e+000  2.3028484e+000  1.6517781e+000  1.2447764e+000  2.5410222e+000  1.8549129e+000  3.8528658e+000  3.5551141e+000  3.9735287e+000
  2.0000000e+000  2.5485643e+000  2.6277006e+000  2.4255445e+000  3.5041768e+000  2.4897221e+000  1.2624278e+000  3.0824910e+000  3.9627676e+000  2.1103429e+000  5.5827099e+000
  1.0000000e+000  2.1465768e+000  4.4614066e+000  4.5511582e+000  2.7054091e+000  2.2723148e+000  4.3073132e+000  2.1037904e+000  1.0053718e+000  3.1854417e+000  3.1153149e+000
  1.0000000e+000  3.1218759e+000  3.1128974e+000  2.3847880e+000  2.1924688e+000  3.5738530e+000  2.3036363e+000  3.3318031e+000  2.7546984e+000  4.4590093e+000  3.0265337e+000
  1.0000000e+000  3.6050778e+000  2.6681311e+000  3.4903758e+000  3.1318685e+000  2.0105535e+000  6.3146382e-001  3.0168856e+000  2.4651902e+000  3.2195173e+000  3.0362193e+000
  2.0000000e+000  3.3896125e+000  1.3809821e+000  2.0890499e+000  2.9775677e+000  2.9323814e+000  3.2122090e+000  4.7660178e+000  3.2717519e+000  3.7154504e+000  2.9059543e+000
  2.0000000e+000  4.6371614e+000  2.5234701e+000  4.3533441e+000  2.8377425e+000  3.7726976e+000  3.8616049e+000  4.1128810e+000  4.5184077e+000  3.8661253e+000  2.2948506e+000
  2.0000000e+000  3.5467247e+000  2.8252548e+000  2.5214364e+000  3.9155438e+000  3.9159410e+000  5.0309110e+000  3.1464771e+000  1.8366329e+000  4.0124201e+000  4.3517107e+000
  2.0000000e+000  3.4946335e+000  4.0938740e+000  3.6463618e+000  3.6425172e+000  2.5226344e+000  2.3198961e+000  9.1417782e-001  2.4397548e+000  3.2443574e+000  3.4855452e+000
  2.0000000e+000  2.5222227e+000  4.2501712e+000  2.8261112e+000  3.5106942e+000  2.8267557e+000  2.9802880e+000  4.8715807e-001  5.4464461e+000  9.6030111e-001  1.9623674e+000
  2.0000000e+000  1.3233714e+000  3.3883468e+000  4.0952051e+000  1.9842482e+000  1.2790706e+000  3.0663247e+000  4.4131089e+000  2.4363606e+000  9.7749010e-001  2.4119110e+000
  2.0000000e+000  3.1884991e+000  4.2220490e+000  1.6814360e+000  2.2979342e+000  1.4596446e+000  1.9753343e+000  3.2018474e+000  3.0558305e+000  1.8797252e+000  1.1644792e+000
  2.0000000e+000  3.9768991e+000  4.8211989e+000  2.6349828e+000  3.1102841e+000  2.8051745e+000  1.1469292e+000  2.7621705e+000  1.6052942e+000  2.2283782e+000  4.2086995e+000
  2.0000000e+000  3.3801243e+000  3.3475093e+000  2.5845141e+000  1.8420880e+000  2.6573606e+000  2.9357202e+000  3.2822098e+000  3.7696081e+000  1.0911532e+000  2.6051930e+000
  2.0000000e+000  3.8388703e+000  2.8364123e+000  1.7899425e+000  2.4289237e+000  3.2209944e+000  5.7591113e+000  1.8851260e+000  2.7549911e+000  2.6425241e+000  4.2610140e+000
  2.0000000e+000  3.5084965e+000  6.9438447e-001  3.3885831e+000  3.3347299e+000  2.6853259e+000  3.1677975e+000  2.4196077e+000  3.0905944e+000  4.0831046e+000  2.6259642e+000
  2.0000000e+000  2.7596399e+000  1.0482492e+000  3.4212408e+000  4.8199869e+000  4.6110986e+000  2.8588329e+000  1.0999686e+000  9.1720405e-001  3.2236220e+000  2.9740157e+000
  2.0000000e+000  4.3694040e+000  4.3968685e+000  3.4173981e+000  1.9181940e+000  1.9229154e+000  2.9189434e+000  3.5723380e+000  1.9345590e+000  2.8851298e+000  1.5181745e+000
  2.0000000e+000  3.9954965e+000  2.0425586e+000  2.0376856e+000  2.5642096e+000  8.0928717e-001  2.2371694e+000  2.8587894e+000  5.0532025e+000  2.3257728e+000  2.5788903e+000
  2.0000000e+000  4.3425298e+000  2.2804074e+000  3.7573803e+000  5.4213162e+000  3.1067381e+000  3.4093827e+000  3.7826445e+000  2.5597896e+000  1.6828849e+000  2.0648966e+000
  2.0000000e+000  3.0094713e+000  9.9718707e-001  4.1670604e+000  2.9038668e+000  2.6001342e+000  3.3797824e+000  2.2865948e+000  1.7630455e+000  3.9049784e+000  2.1618816e+000
  2.0000000e+000  1.4990778e+000  2.2582220e+000  4.4473688e+000  4.6798222e+000  3.8417826e+000  1.9977877e+000  3.6860927e+000  5.0823124e+000  3.6274917e+000  4.0556678e+000
  2.0000000e+000  3.1998819e+000  3.4017063e+000  3.1432402e+000  4.7716077e+000  3.1777261e+000  1.2424267e+000  2.2460083e+000  3.4409301e+000  3.6457341e+000  1.3889539e+000
  2.0000000e+000  3.6984350e+000  3.5998657e+000  2.5578505e+000  2.8089187e+000  4.1963429e+000  3.9725123e+000  2.7479415e+000  4.5099511e+000  4.2609052e+000  1.1264550e+000
  2.0000000e+000  7.5218202e-001  3.0220609e+000  3.1826046e+000  3.2658421e+000  2.3165197e+000  1.2706073e+000  1.1932442e+000  3.8543415e+000  1.4108413e+000  1.8954383e+000
  2.0000000e+000  3.3186237e+000  4.3910595e+000  2.8465517e+000  2.4372413e+000  3.3001358e+000  3.1471714e+000  2.2486866e+000  3.4324691e+000  3.1106940e+000  2.9198211e+000
  2.0000000e+000  2.3495806e+000  2.5777109e+000  2.6417748e+000  3.3674671e+000  2.6034633e+000  2.0077887e+000  2.3343770e+000  2.8683428e+000  3.2476163e+000  2.3740787e+000
  2.0000000e+000  2.2986480e+000  2.5806435e+000  2.0412307e+000  3.9542785e+000  2.5528625e+000  1.9575357e+000  3.6761987e+000  2.3546236e+000  4.1108533e+000  2.8666055e+000
  2.0000000e+000  5.6801144e+000  2.6834925e+000  1.0348262e+000  3.5258312e+000  3.7764105e+000  3.1369835e+000  2.4895766e+000  3.3549937e+000  3.9903524e+000  2.8862865e+000
  2.0000000e+000  3.8262756e+000  4.0139582e+000  2.4863216e+000  2.5001249e+000  4.1025117e+000  7.8024826e-001  4.0980330e+000  3.7625843e+000  3.1278908e+000  4.1732005e+000
  2.0000000e+000  4.2736025e+000  1.3490455e+000  3.7990210e+000  3.3035864e+000  2.9007095e+000  3.4336632e+000  2.1757015e+000  2.2509815e+000  2.2556939e+000  4.1055092e+000
  2.0000000e+000  2.4101511e+000  3.1114298e+000  4.0122460e+000  3.1877829e+000  2.5053126e+000  1.3265943e+000  2.5554047e+000  2.8749268e+000  3.0440109e+000  2.8424888e+000
  2.0000000e+000  3.2435539e+000  2.3922249e+000  2.0225093e+000  3.9418580e+000  5.0391352e+000  5.0254348e+000  2.2361437e+000  1.5667891e+000  6.0268712e-001  4.3779109e+000
  2.0000000e+000  1.3566092e+000  9.1944090e-001  3.8658779e+000  3.6252540e+000  3.8655183e+000  3.5177358e+000  3.7585853e+000  3.3149618e+000  3.6790428e+000  1.4866747e+000
  2.0000000e+000  2.0785679e+000  2.5371715e+000  2.7339565e+000  3.5113604e+000  2.2139104e+000  2.7911067e+000  1.8086052e+000  1.5824822e+000  1.4247622e+000  4.2361340e+000
  2.0000000e+000  3.8319650e+000  2.6707066e+000  2.7395927e+000  1.5875854e+000  4.8418481e+000  1.3640525e+000  4.8468429e+000  3.0302338e+000  3.6956259e+000  2.3416880e+000
  2.0000000e+000  3.0720191e+000  3.2955527e+000  3.1124893e+000  4.6756456e+000  1.1331567e+000  3.0880358e+000  3.8375058e+000  6.1545306e-001  2.0158125e+000  3.7370418e+000
  2.0000000e+000  2.1739904e+000  3.0511856e+000  2.7483161e+000  3.8046577e+000  1.8176620e+000  3.5803879e+000  2.3359471e+000  4.1802272e+000  4.2707350e+000  1.5983903e+000
  2.0000000e+000  2.4192972e+000  3.3983793e+000  1.6402855e+000  2.1427392e+000  2.6451194e+000  2.6173045e+000  1.8287205e+000  2.7096054e+000  3.1735661e+000  3.9804315e+000
  2.0000000e+000  3.4474256e+000  2.3670091e+000  3.5275039e+000  2.3971291e+000  3.2573776e+000  1.9035058e+000  3.8432261e+000  3.5490591e+000  3.3026711e+000  2.4204876e+000
  2.0000000e+000  3.4459452e+000  2.3442777e+000  2.2571629e+000  4.6351568e+000  2.6140518e+000  2.0698817e+000  1.3935694e+000  4.1151444e+000  1.2093049e+000  3.1824194e+000
  2.0000000e+000  3.3969439e+000  2.0910648e+000  2.7574744e+000  3.5429463e+000  2.5966240e+000  3.7905034e+000  4.4921437e+000  3.4295216e+000  4.1150113e+000  2.5772440e+000
  1.0000000e+000  4.3050743e+000  2.2991886e+000  3.2554138e+000  2.7447754e+000  3.2082564e+000  2.3273294e+000  2.6152065e+000  3.3912434e+000  3.0028497e+000  3.6211130e+000
  1.0000000e+000  3.3204631e+000  1.4701831e+000  1.8492591e+000  4.1545693e+000  3.1058681e+000  3.4980259e+000  3.6377661e+000  1.6721835e+000  1.0150172e+000  3.6136776e+000
  1.0000000e+000  3.7485218e+000  3.4886677e+000  2.9493146e+000  4.5615423e+000  3.3239754e+000  2.9830117e+000  2.5538462e+000  3.8075022e+000  2.9348058e+000  3.7672853e+000
  2.0000000e+000  3.1225370e+000  2.2201820e+000  4.4369807e+000  3.9567924e+000  2.9639782e+000  1.0236418e+000  3.2795938e+000  1.5401330e+000  3.1204159e+000  1.7343078e+000
  1.0000000e+000  4.4485661e+000  3.2078572e+000  3.1872923e+000  3.4449492e+000  3.6068872e+000  2.7547514e+000  2.5037988e+000  2.7799018e+000  4.0292475e+000  3.6549249e+000
  2.0000000e+000  3.9534438e+000  1.9979518e+000  3.0686913e+000  4.0599763e+000  3.1978918e+000  3.2658006e+000  4.1914745e+000  1.8672801e+000  2.4011692e+000  3.1409689e+000
  2.0000000e+000  2.8214606e+000  4.2065340e+000  4.1625325e+000  3.4866755e+000  3.2451092e+000  2.5309761e+000  1.0351065e+000  3.3327391e+000  3.9187261e+000  4.5694240e+000
  2.0000000e+000  2.3593613e+000  1.7373559e+000  3.3544474e+000  2.1862001e+000  3.2773659e+000  2.0595315e+000  3.2205470e+000  1.3290482e+000  4.5885590e+000  4.1563866e+000
  1.0000000e+000  3.0742277e+000  1.6857926e+000  3.9416103e+000  1.8727579e+000  4.3324007e+000  2.3639331e+000  2.7181351e+000  2.3137307e+000  4.8009335e+000  3.4385000e+000
  2.0000000e+000  1.7449797e+000  3.3454784e+000  1.6780993e+000  3.1495300e+000  3.2509342e+000  1.4020437e+000  2.2864781e+000  1.1837024e+000  2.7956662e+000  1.8342923e+000
  2.0000000e+000  2.9343392e+000  2.8641900e+000  4.4384324e+000  4.6630847e+000  2.1388312e+000  3.7372788e+000  2.1978154e+000  2.5877251e+000  3.1857695e+000  2.7244070e+000
  2.0000000e+000  3.1729940e+000  3.4506424e+000  4.4824277e+000  1.5230760e+000  1.8845283e+000  3.1368724e+000  1.9700633e+000  1.5383589e+000  5.0109572e+000  4.4913015e+000
  2.0000000e+000  2.0724115e+000  3.0388151e+000  3.9829624e+000  3.4398400e+000  2.5950429e+000  5.3713597e-001  4.8402309e+000  1.8160178e+000  1.7456159e+000  1.3135465e+000
  2.0000000e+000  2.3027129e+000  3.0919982e+000  1.6756352e+000  4.4536885e+000  4.6691370e+000  2.4170844e+000  3.2461034e-002  3.4237893e+000  3.2202386e+000  1.9428694e+000
  2.0000000e+000  2.2969698e+000  4.9355333e+000  1.9370722e+000  2.5934367e+000  3.6779613e+000  1.9804707e+000  2.2479816e+000  3.2646813e+000  4.5121847e+000  2.7045212e+000
  2.0000000e+000  1.8703024e+000  2.2102124e+000  2.8636150e+000  2.7962618e+000  3.5489625e+000  3.5850236e+000  4.2223888e+000  2.8953425e+000  1.6585335e+000  3.1012785e+000
  2.0000000e+000  3.6220735e+000  2.9469199e+000  2.3951803e+000  2.7843024e+000  3.0048250e+000  2.6341289e+000  4.5658492e+000  2.6036678e+000  3.2901025e+000  4.0864652e+000
  2.0000000e+000  2.3437754e+000  4.0995882e+000  3.0694058e+000  1.2282715e+000  1.9070858e+000  2.8248272e+000  3.2502158e+000  3.0441046e+000  3.3588735e+000  2.8465094e+000
  2.0000000e+000  3.1526017e+000  3.9392940e+000  4.3759184e+000  3.8212730e+000  3.6105113e+000  3.3986551e+000  6.8065379e-001  4.3329505e+000  3.3811002e+000  2.0645731e+000
  2.0000000e+000  3.7733599e+000  3.1094839e+000  2.4067465e+000  2.9027643e+000  2.6261191e+000  2.7027585e+000  2.6159118e+000  3.6489293e+000  2.7711332e+000  2.0069035e+000
  2.0000000e+000  2.8550040e+000  5.2698281e+000  4.5871548e+000  2.5170936e+000  2.9820686e+000  2.3141793e+000  3.8850607e+000  3.5386715e+000  3.0591336e+000  2.4825255e+000
  2.0000000e+000  2.7663865e+000  2.7999010e+000  3.2984136e+000  2.5589206e+000  1.7279147e+000  3.4818357e+000  9.8464431e-001  4.6359060e+000  4.3223246e+000  1.9554414e+000
  1.0000000e+000  4.1841367e+000  3.0219513e+000  4.2827608e+000  4.7129022e+000  4.4189200e+000  2.9894089e+000  2.8521957e+000  4.1185453e+000  3.5260896e+000  3.0099725e+000
  2.0000000e+000  3.3850570e+000  2.8326737e+000  2.6846545e+000  1.7446335e+000  4.0604447e+000  1.8737947e+000  3.5581527e+000  1.7053126e+000  4.0142799e+000  2.1720393e+000
  1.0000000e+000  2.6171035e+000  3.0364360e+000  3.1363296e+000  3.0490556e+000  4.5775204e+000  1.7309101e+000  3.1265029e+000  3.2286902e+000  3.8680828e+000  3.1339206e+000
  1.0000000e+000  3.6080831e+000  3.4560911e+000  1.8090205e+000  3.3234016e+000  3.0278714e+000  4.9857931e+000  3.2888598e+000  2.8686376e+000  5.1071930e+000  3.6604925e+000
  1.0000000e+000  3.0369528e+000  3.3009416e+000  3.3666016e+000  2.7138652e+000  4.6318400e+000  4.1836177e+000  3.7063200e+000  1.6762785e+000  1.2104453e+000  3.1730890e+000
